
image_points=[503.551479289941,222.849704142012;
    322.123076923077,524.230769230769;
    599.513609467456,542.223668639053;
    449.572781065089,365.293491124260];

world_points=[90,0,30;
    180,0,150;
    30,0,180;
    120,0,90];

